0 0 0 0 0 0
2 10 30 90 160 250
0 0 0 0 0 0
4 20 60 180 320 450
0 0 0 0 0 0
25 0 50 100 200 0
6 30 90 270 400 550
0 0 0 0 0 0
6 30 90 270 400 550
8 40 100 300 450 600
0 0 0 0 0 0
10 50 150 450 625 750
0 0 0 0 0 0
10 50 150 450 625 750
12 60 180 500 700 900
25 0 50 100 200 0
14 70 200 550 750 950
0 0 0 0 0 0
14 70 200 550 750 950
16 80 220 600 800 1000
0 0 0 0 0 0
18 90 250 700 875 1050
0 0 0 0 0 0
18 90 250 700 875 1050
20 100 300 750 875 1100
25 0 50 100 200 0
22 110 330 800 975 1150
22 110 330 800 975 1150
0 0 0 0 0 0
24 120 360 850 1025 1200
0 0 0 0 0 0
26 130 390 900 1100 1275
26 130 390 900 1100 1275
0 0 0 0 0 0
28 150 450 1000 1200 1400
25 0 50 100 200 0
0 0 0 0 0 0
35 175 500 1100 1300 1500
0 0 0 0 0 0
40 200 600 1400 1700 2000